[gd_scene load_steps=30 format=3 uid="uid://rffuwms6qlch"]

[ext_resource type="PackedScene" uid="uid://1ixgyci0rn3d" path="res://enemy/untitled.glb" id="1_1kpk0"]

[sub_resource type="CapsuleShape3D" id="CapsuleShape3D_8jhxj"]
radius = 0.0127814
height = 0.127814

[sub_resource type="CapsuleShape3D" id="CapsuleShape3D_ipc53"]
radius = 0.00865111
height = 0.0865111

[sub_resource type="SphereShape3D" id="SphereShape3D_trjy3"]
radius = 0.559683

[sub_resource type="CapsuleShape3D" id="CapsuleShape3D_scy70"]
radius = 0.0184696
height = 0.184696

[sub_resource type="CapsuleShape3D" id="CapsuleShape3D_go0o0"]
radius = 0.0295088
height = 0.295088

[sub_resource type="SphereShape3D" id="SphereShape3D_aflv8"]

[sub_resource type="CapsuleShape3D" id="CapsuleShape3D_6xmrw"]
radius = 0.00574626
height = 0.0574626

[sub_resource type="CapsuleShape3D" id="CapsuleShape3D_5t32o"]
radius = 0.0100751
height = 0.100751

[sub_resource type="CapsuleShape3D" id="CapsuleShape3D_x8b7k"]
radius = 0.0107719
height = 0.107719

[sub_resource type="CapsuleShape3D" id="CapsuleShape3D_drpqr"]
radius = 0.00992852
height = 0.0992852

[sub_resource type="CapsuleShape3D" id="CapsuleShape3D_m3wb1"]

[sub_resource type="CapsuleShape3D" id="CapsuleShape3D_cxsax"]
radius = 0.0184696
height = 0.184696

[sub_resource type="CapsuleShape3D" id="CapsuleShape3D_cp6yd"]
radius = 0.0295089
height = 0.295089

[sub_resource type="SphereShape3D" id="SphereShape3D_g8q1h"]

[sub_resource type="CapsuleShape3D" id="CapsuleShape3D_t820u"]
radius = 0.00574503
height = 0.0574503

[sub_resource type="CapsuleShape3D" id="CapsuleShape3D_v4gik"]
radius = 0.00879249
height = 0.0879249

[sub_resource type="CapsuleShape3D" id="CapsuleShape3D_pccki"]
radius = 0.010076
height = 0.10076

[sub_resource type="CapsuleShape3D" id="CapsuleShape3D_8uhlp"]
radius = 0.010772
height = 0.10772

[sub_resource type="CapsuleShape3D" id="CapsuleShape3D_shoop"]
radius = 0.00992801
height = 0.0992801

[sub_resource type="CapsuleShape3D" id="CapsuleShape3D_3162o"]
radius = 0.00842509
height = 0.0842509

[sub_resource type="CapsuleShape3D" id="CapsuleShape3D_x4b44"]
radius = 0.0233925
height = 0.314152

[sub_resource type="CapsuleShape3D" id="CapsuleShape3D_frl5l"]
radius = 0.048648
height = 0.48648

[sub_resource type="CapsuleShape3D" id="CapsuleShape3D_vrgiw"]
radius = 0.029
height = 0.29

[sub_resource type="CapsuleShape3D" id="CapsuleShape3D_li1bl"]
radius = 0.0278561
height = 0.235123

[sub_resource type="CapsuleShape3D" id="CapsuleShape3D_sf5uo"]
radius = 0.0325337
height = 0.325337

[sub_resource type="CapsuleShape3D" id="CapsuleShape3D_dd8f4"]
radius = 0.048648
height = 0.48648

[sub_resource type="CapsuleShape3D" id="CapsuleShape3D_bbd6i"]
radius = 0.029
height = 0.332593

[sub_resource type="CapsuleShape3D" id="CapsuleShape3D_rbty2"]
radius = 0.023512
height = 0.23512

[node name="Zombie" instance=ExtResource("1_1kpk0")]

[node name="GeneralSkeleton" parent="." index="0"]
bones/1/rotation = Quaternion(-2.98023e-08, 1.84392e-08, 1.84392e-08, 1)
bones/2/rotation = Quaternion(-2.96859e-08, -1.46101e-08, -9.31322e-09, 1)
bones/3/rotation = Quaternion(4.38595e-08, -1.61235e-08, 3.72529e-09, 1)
bones/4/rotation = Quaternion(-2.86382e-08, -1.35042e-08, -1.49012e-08, 1)
bones/5/rotation = Quaternion(2.93367e-08, 4.65661e-10, 1.49012e-08, 1)
bones/6/rotation = Quaternion(-6.03031e-08, 2.85181e-08, 0, 1)
bones/10/rotation = Quaternion(0.5, 0.5, 0.5, -0.5)
bones/11/rotation = Quaternion(-2.98023e-08, 1, -8.9407e-08, -2.98023e-08)
bones/12/rotation = Quaternion(0, -0.707107, -4.21468e-08, 0.707107)
bones/13/rotation = Quaternion(-4.99444e-08, 0.707107, -7.79757e-09, 0.707107)
bones/14/rotation = Quaternion(-0.214187, 0.673887, 0.214187, 0.673887)
bones/15/rotation = Quaternion(-1.77636e-15, 1.49012e-08, 2.98023e-08, 1)
bones/16/rotation = Quaternion(-1.49012e-08, 1.04308e-07, 2.98023e-08, 1)
bones/18/rotation = Quaternion(-2.98023e-08, 0, -2.98023e-08, 1)
bones/19/rotation = Quaternion(-2.98023e-08, 2.98023e-08, -8.9407e-08, 1)
bones/21/rotation = Quaternion(0, 0, 2.98023e-08, 1)
bones/22/rotation = Quaternion(2.98023e-08, -2.98023e-08, 8.9407e-08, 1)
bones/24/rotation = Quaternion(-2.98023e-08, 0, -2.98023e-08, 1)
bones/25/rotation = Quaternion(-1.49012e-08, -1.49012e-08, 1.49012e-08, 1)
bones/27/rotation = Quaternion(1.49012e-08, 2.98023e-08, -7.45058e-08, 1)
bones/28/rotation = Quaternion(0, 0, 2.98023e-08, 1)
bones/30/rotation = Quaternion(0.5, -0.5, -0.5, -0.5)
bones/31/rotation = Quaternion(2.98023e-08, 1, 0, 5.96047e-08)
bones/32/rotation = Quaternion(4.21468e-08, 0.707107, 0, 0.707107)
bones/33/rotation = Quaternion(-5.08757e-08, -0.707107, 8.7289e-09, 0.707107)
bones/34/rotation = Quaternion(-0.214187, -0.673887, -0.214187, 0.673887)
bones/35/rotation = Quaternion(-2.98023e-08, 1.49012e-08, 2.22045e-16, 1)
bones/35/scale = Vector3(1.00014, 0.999983, 0.999877)
bones/36/rotation = Quaternion(1.49012e-08, 4.47035e-08, 2.98023e-08, 1)
bones/36/scale = Vector3(1.00001, 0.999999, 0.999987)
bones/38/rotation = Quaternion(5.96047e-08, 5.96047e-08, 0, 1)
bones/39/rotation = Quaternion(-2.98023e-08, 2.98023e-08, -2.98023e-08, 1)
bones/41/rotation = Quaternion(2.98023e-08, -2.98023e-08, -2.98023e-08, 1)
bones/42/rotation = Quaternion(-4.47035e-08, 4.47035e-08, -7.45058e-08, 1)
bones/44/rotation = Quaternion(5.96047e-08, 5.96047e-08, 0, 1)
bones/45/rotation = Quaternion(0, 0, -5.96047e-08, 1)
bones/47/rotation = Quaternion(-4.47035e-08, -1.49012e-08, -1.49012e-08, 1)
bones/48/rotation = Quaternion(-4.47035e-08, 4.47035e-08, -7.45058e-08, 1)
bones/50/rotation = Quaternion(1.80094e-07, 2.9651e-07, 1, -8.3819e-08)
bones/51/rotation = Quaternion(1.49012e-08, 1, 0, 0)
bones/52/rotation = Quaternion(-2.23905e-08, 0.707107, -0.707107, 4.08298e-08)
bones/53/rotation = Quaternion(-1.31709e-08, 1, 0, 2.63418e-09)
bones/55/rotation = Quaternion(-2.11527e-07, 2.44298e-07, 1, 2.42144e-07)
bones/56/rotation = Quaternion(5.96047e-08, 1, 5.96047e-08, -7.45058e-09)
bones/57/rotation = Quaternion(-5.26836e-09, 0.707107, -0.707107, 5.26836e-09)
bones/58/rotation = Quaternion(-6.32203e-08, 1, -2.98023e-08, -6.32203e-08)

[node name="mremireh_shoe" parent="GeneralSkeleton" index="1"]
visible = false

[node name="PhysicalBoneSimulator3D" type="PhysicalBoneSimulator3D" parent="GeneralSkeleton" index="2"]

[node name="Physical Bone Hips" type="PhysicalBone3D" parent="GeneralSkeleton/PhysicalBoneSimulator3D" index="0"]
transform = Transform3D(-0.990482, 0.131045, 0.0421064, 0.00246353, 0.322739, -0.946485, -0.137621, -0.937372, -0.31999, 0.0919491, 0.923575, -0.0225536)
joint_type = 1
joint_offset = Transform3D(1, 0, 0, 0, 1, 0, 0, 0, 1, -0.000487716, 0.000339845, 0.0640641)
body_offset = Transform3D(-0.990482, 0.131045, 0.0421064, 0.00246358, 0.322739, -0.946485, -0.137621, -0.937372, -0.31999, -0.00322512, 0.0605272, 0.0207513)
bone_name = "Hips"
joint_constraints/bias = 0.3
joint_constraints/damping = 1.0
joint_constraints/impulse_clamp = 0.0

[node name="CollisionShape3D" type="CollisionShape3D" parent="GeneralSkeleton/PhysicalBoneSimulator3D/Physical Bone Hips" index="0"]
transform = Transform3D(14.3931, 5.58794e-09, -8.34465e-07, 2.38419e-06, 2.68221e-07, 12.9787, 2.38419e-07, 0.668512, -3.8147e-06, -0.00132446, -0.0144672, 0.0138695)
shape = SubResource("CapsuleShape3D_8jhxj")

[node name="Physical Bone Chest" type="PhysicalBone3D" parent="GeneralSkeleton/PhysicalBoneSimulator3D" index="1"]
transform = Transform3D(-0.972579, 0.186231, 0.139313, 0.00528093, 0.616538, -0.787307, -0.232513, -0.764983, -0.600615, 0.0759796, 1.09477, 0.0663445)
joint_type = 1
joint_offset = Transform3D(1, 0, 0, 0, 1, 0, 0, 0, 1, 1.20606e-07, 5.58794e-09, 0.0432554)
body_offset = Transform3D(-0.972435, 0.183721, 0.143588, 5.30272e-08, 0.615791, -0.787909, -0.233176, -0.76619, -0.598817, -0.00621083, 0.0340813, 0.0259021)
bone_name = "Chest"
joint_constraints/bias = 0.3
joint_constraints/damping = 1.0
joint_constraints/impulse_clamp = 0.0

[node name="CollisionShape3D" type="CollisionShape3D" parent="GeneralSkeleton/PhysicalBoneSimulator3D/Physical Bone Chest" index="0"]
transform = Transform3D(18.9179, 2.01724e-06, 1.08127e-06, 2.95974e-06, 2.38419e-07, 16.0545, 3.81842e-06, -6.99777, 0, -0.00330615, -0.0104201, -0.0241476)
shape = SubResource("CapsuleShape3D_ipc53")

[node name="Physical Bone Head" type="PhysicalBone3D" parent="GeneralSkeleton/PhysicalBoneSimulator3D" index="2"]
transform = Transform3D(-0.23199, -0.969065, -0.0842211, 0.000498017, 0.0864649, -0.996255, 0.972718, -0.231163, -0.0195764, -0.00187651, 1.56792, 0.410028)
joint_type = 1
joint_offset = Transform3D(1, 0, 0, 0, 1, 0, 0, 0, 1, 4.47035e-08, 1.17638e-07, 0.175174)
body_offset = Transform3D(-0.233777, -0.968937, -0.0806785, -1.49012e-07, 0.0829778, -0.996551, 0.97229, -0.232971, -0.0193985, 0.0141329, 0.17457, 0.00339809)
bone_name = "Head"
joint_constraints/bias = 0.3
joint_constraints/damping = 1.0
joint_constraints/impulse_clamp = 0.0

[node name="CollisionShape3D" type="CollisionShape3D" parent="GeneralSkeleton/PhysicalBoneSimulator3D/Physical Bone Head" index="0"]
transform = Transform3D(0.523314, -3.27826e-07, 3.12924e-07, 2.08616e-07, 5.58794e-08, -0.534188, -1.19209e-07, -0.577906, -1.2666e-07, 0.0333417, 0.0172867, 0.047192)
shape = SubResource("SphereShape3D_trjy3")

[node name="Physical Bone LeftUpperArm" type="PhysicalBone3D" parent="GeneralSkeleton/PhysicalBoneSimulator3D" index="3"]
transform = Transform3D(0.00575661, 0.839233, -0.543742, -0.0884015, 0.542049, 0.835684, 0.996068, 0.0432569, 0.0773098, 0.292533, 1.14282, 0.236881)
joint_type = 1
joint_offset = Transform3D(1, 0, 0, 0, 1, 0, 0, 0, 1, -0.000138155, -0.0201607, 0.10541)
body_offset = Transform3D(-0.995702, -0.0509817, -0.0773191, -5.86733e-08, 0.834853, -0.550473, 0.0926142, -0.548107, -0.831265, 0.00698479, 0.0748563, 0.0765858)
bone_name = "LeftUpperArm"
joint_constraints/bias = 0.3
joint_constraints/damping = 1.0
joint_constraints/impulse_clamp = 0.0

[node name="CollisionShape3D" type="CollisionShape3D" parent="GeneralSkeleton/PhysicalBoneSimulator3D/Physical Bone LeftUpperArm" index="0"]
transform = Transform3D(2.4149, 7.45058e-09, -3.72529e-08, 2.98023e-08, 1.234e-07, 2.17339, 7.45058e-08, -1.30711, -8.33068e-07, -0.00215006, -0.0241086, 0.0411913)
shape = SubResource("CapsuleShape3D_scy70")

[node name="Physical Bone LeftLowerArm" type="PhysicalBone3D" parent="GeneralSkeleton/PhysicalBoneSimulator3D" index="4"]
transform = Transform3D(0.00714168, 0.863726, 0.503912, 0.759931, -0.332229, 0.558685, 0.649964, 0.378948, -0.658745, 0.244375, 0.983219, 0.326935)
joint_type = 1
joint_offset = Transform3D(1, 0, 0, 0, 1, 0, 0, 0, 1, 2.23517e-08, 5.51343e-07, 0.147544)
body_offset = Transform3D(-0.760219, 0.330596, -0.559262, 1.26194e-07, 0.860844, 0.508869, 0.649667, 0.386852, -0.65443, 0.0825158, -0.0750812, 0.0965572)
bone_name = "LeftLowerArm"
joint_constraints/bias = 0.3
joint_constraints/damping = 1.0
joint_constraints/impulse_clamp = 0.0

[node name="CollisionShape3D" type="CollisionShape3D" parent="GeneralSkeleton/PhysicalBoneSimulator3D/Physical Bone LeftLowerArm" index="0"]
transform = Transform3D(1.6578, 0.0865713, 0.14893, 0.107443, 0.0372159, -2.22127, 0.131992, -1.11762, -0.0624316, 0, 0, 0)
shape = SubResource("CapsuleShape3D_go0o0")

[node name="Physical Bone LeftHand" type="PhysicalBone3D" parent="GeneralSkeleton/PhysicalBoneSimulator3D" index="5"]
transform = Transform3D(-0.00493642, -0.446708, 0.894666, 0.978782, -0.18543, -0.0871849, -0.204844, -0.875253, -0.438145, 0.105714, 0.907055, 0.455624)
joint_type = 1
joint_offset = Transform3D(1, 0, 0, 0, 1, 0, 0, 0, 1, 2.03494e-07, -4.75207e-07, 0.0718838)
body_offset = Transform3D(0.213151, 0.87666, 0.431316, 6.30738e-07, -0.441461, 0.89728, -0.977019, 0.191256, 0.0940986, -0.0310043, -0.0645002, -0.00676388)
bone_name = "LeftHand"
joint_constraints/bias = 0.3
joint_constraints/damping = 1.0
joint_constraints/impulse_clamp = 0.0

[node name="CollisionShape3D" type="CollisionShape3D" parent="GeneralSkeleton/PhysicalBoneSimulator3D/Physical Bone LeftHand" index="0"]
transform = Transform3D(0.0988438, -0.0243797, 0.175632, -0.0596346, 0.00114035, 0.292961, -0.00832889, -0.297492, -0.0132702, -0.0424359, -0.105371, -0.0400784)
shape = SubResource("SphereShape3D_aflv8")

[node name="Physical Bone LeftThumbDistal" type="PhysicalBone3D" parent="GeneralSkeleton/PhysicalBoneSimulator3D" index="6"]
transform = Transform3D(-0.135156, 0.721713, 0.678869, 0.971007, -0.0398708, 0.235705, 0.197178, 0.691043, -0.6954, -0.0711823, 0.878782, 0.582285)
joint_type = 1
joint_offset = Transform3D(1, 0, 0, 0, 1, 0, 0, 0, 1, 7.89715e-06, -3.3481e-07, 0.0287143)
body_offset = Transform3D(0.973122, -0.0365808, 0.227364, 3.72529e-07, 0.987904, 0.158943, -0.230428, -0.15467, 0.961351, -0.0065363, -0.0045636, -0.0276028)
bone_name = "LeftThumbDistal"
joint_constraints/bias = 0.3
joint_constraints/damping = 1.0
joint_constraints/impulse_clamp = 0.0

[node name="CollisionShape3D" type="CollisionShape3D" parent="GeneralSkeleton/PhysicalBoneSimulator3D/Physical Bone LeftThumbDistal" index="0"]
transform = Transform3D(4.6181, -2.08616e-07, 0, 2.98023e-07, -1.3113e-06, -6.21078, 9.53674e-07, 2.92298, -4.76837e-06, -0.00935221, -0.00327966, 0.0379712)
shape = SubResource("CapsuleShape3D_6xmrw")

[node name="Physical Bone LeftIndexIntermediate" type="PhysicalBone3D" parent="GeneralSkeleton/PhysicalBoneSimulator3D" index="7"]
transform = Transform3D(-0.00175786, 0.89879, 0.438376, 0.965836, -0.11208, 0.233666, 0.25915, 0.42381, -0.867886, -0.0459287, 0.890364, 0.768963)
joint_type = 1
joint_offset = Transform3D(1, 0, 0, 0, 1, 0, 0, 0, 1, 7.54371e-08, 1.00234e-07, 0.0503753)
body_offset = Transform3D(-0.250946, -0.430827, 0.866841, 1.78814e-07, 0.895496, 0.445069, -0.968001, 0.111688, -0.224721, -0.0436674, -0.0224206, 0.0113205)
bone_name = "LeftIndexIntermediate"
joint_constraints/bias = 0.3
joint_constraints/damping = 1.0
joint_constraints/impulse_clamp = 0.0

[node name="CollisionShape3D" type="CollisionShape3D" parent="GeneralSkeleton/PhysicalBoneSimulator3D/Physical Bone LeftIndexIntermediate" index="0"]
transform = Transform3D(3.25972, 0.228607, -0.715172, 0.731979, 0.0691153, 3.1652, 0.455359, -1.7476, 0.0316263, 0.0160846, 0.00108914, 0.0202052)
shape = SubResource("CapsuleShape3D_5t32o")

[node name="Physical Bone LeftMiddleIntermediate" type="PhysicalBone3D" parent="GeneralSkeleton/PhysicalBoneSimulator3D" index="8"]
transform = Transform3D(-0.00175785, 0.89879, 0.438376, 0.965836, -0.112079, 0.233664, 0.259148, 0.42381, -0.867887, 0.00570679, 0.859534, 0.791754)
joint_type = 1
joint_offset = Transform3D(1, 0, 0, 0, 1, 0, 0, 0, 1, -7.91624e-08, 1.33063e-07, 0.0538593)
body_offset = Transform3D(-0.250944, -0.430827, 0.866842, 1.48895e-07, 0.895497, 0.445068, -0.968002, 0.111687, -0.224719, -0.0466875, -0.0239712, 0.0121031)
bone_name = "LeftMiddleIntermediate"
joint_constraints/bias = 0.3
joint_constraints/damping = 1.0
joint_constraints/impulse_clamp = 0.0

[node name="CollisionShape3D" type="CollisionShape3D" parent="GeneralSkeleton/PhysicalBoneSimulator3D/Physical Bone LeftMiddleIntermediate" index="0"]
transform = Transform3D(2.87512, 2.38419e-07, 8.9407e-08, -2.98023e-08, -2.38419e-07, 2.78871, -2.38419e-07, -2.16347, -2.38419e-07, 0.00704515, 0.000565574, 0.0297406)
shape = SubResource("CapsuleShape3D_x8b7k")

[node name="Physical Bone LeftRingIntermediate" type="PhysicalBone3D" parent="GeneralSkeleton/PhysicalBoneSimulator3D" index="9"]
transform = Transform3D(-0.00175797, 0.89879, 0.438375, 0.965836, -0.112079, 0.233667, 0.25915, 0.423809, -0.867887, 0.0645531, 0.835329, 0.798916)
joint_type = 1
joint_offset = Transform3D(1, 0, 0, 0, 1, 0, 0, 0, 1, 8.75443e-08, -1.30385e-08, 0.0496423)
body_offset = Transform3D(-0.250946, -0.430826, 0.866842, 8.9407e-08, 0.895497, 0.445068, -0.968001, 0.111688, -0.224721, -0.0430321, -0.0220942, 0.0111558)
bone_name = "LeftRingIntermediate"
joint_constraints/bias = 0.3
joint_constraints/damping = 1.0
joint_constraints/impulse_clamp = 0.0

[node name="CollisionShape3D" type="CollisionShape3D" parent="GeneralSkeleton/PhysicalBoneSimulator3D/Physical Bone LeftRingIntermediate" index="0"]
transform = Transform3D(3.2252, -1.2517e-06, -5.96046e-07, -2.98023e-07, -4.17233e-07, 3.42788, 1.78814e-07, -2.44928, 5.96046e-07, 0.00160658, 0.00432897, 0.0514438)
shape = SubResource("CapsuleShape3D_drpqr")

[node name="Physical Bone LeftLittleIntermediate" type="PhysicalBone3D" parent="GeneralSkeleton/PhysicalBoneSimulator3D" index="10"]
transform = Transform3D(-0.00175776, 0.898791, 0.438374, 0.965836, -0.112079, 0.233666, 0.259149, 0.423808, -0.867888, 0.136905, 0.808665, 0.797026)
joint_type = 1
joint_offset = Transform3D(1, 0, 0, 0, 1, 0, 0, 0, 1, -3.72529e-07, -4.19095e-09, 0.0407348)
body_offset = Transform3D(-0.250945, -0.430825, 0.866843, 1.79047e-07, 0.895498, 0.445066, -0.968001, 0.111687, -0.224721, -0.0353108, -0.0181297, 0.0091536)
bone_name = "LeftLittleIntermediate"
joint_constraints/bias = 0.3
joint_constraints/damping = 1.0
joint_constraints/impulse_clamp = 0.0

[node name="CollisionShape3D" type="CollisionShape3D" parent="GeneralSkeleton/PhysicalBoneSimulator3D/Physical Bone LeftLittleIntermediate" index="0"]
transform = Transform3D(0.0964314, 1.86265e-09, -1.86265e-09, -9.31323e-10, 2.98023e-08, 0.0802439, 5.58794e-09, -0.118963, -4.09782e-08, -0.0127762, 0.0147937, 0.059903)
shape = SubResource("CapsuleShape3D_m3wb1")

[node name="Physical Bone RightUpperArm" type="PhysicalBone3D" parent="GeneralSkeleton/PhysicalBoneSimulator3D" index="11"]
transform = Transform3D(0.000873063, -0.963483, 0.267769, 0.452117, 0.239219, 0.859281, -0.891958, 0.120313, 0.435816, -0.141406, 1.20264, 0.0684169)
joint_type = 1
joint_offset = Transform3D(1, 0, 0, 0, 1, 0, 0, 0, 1, 1.2666e-07, 1.67638e-08, 0.0923481)
body_offset = Transform3D(-0.892687, 0.117376, 0.435125, 2.98023e-08, 0.965489, -0.260443, -0.450678, -0.232494, -0.861879, -0.0401828, 0.0240514, 0.0795929)
bone_name = "RightUpperArm"
joint_constraints/bias = 0.3
joint_constraints/damping = 1.0
joint_constraints/impulse_clamp = 0.0

[node name="CollisionShape3D" type="CollisionShape3D" parent="GeneralSkeleton/PhysicalBoneSimulator3D/Physical Bone RightUpperArm" index="0"]
transform = Transform3D(2.61919, 0.0286813, 0.0147893, 0.0144458, 0.000104986, -2.68186, 0.0519805, -1.44526, 9.83328e-05, 0.0026066, -0.0117481, 0.00189912)
shape = SubResource("CapsuleShape3D_cxsax")

[node name="Physical Bone RightLowerArm" type="PhysicalBone3D" parent="GeneralSkeleton/PhysicalBoneSimulator3D" index="12"]
transform = Transform3D(-0.00835616, -0.992225, -0.124177, -0.881546, -0.051309, 0.469302, -0.472024, 0.113389, -0.874263, -0.147813, 1.05405, 0.157163)
joint_type = 1
joint_offset = Transform3D(1, 0, 0, 0, 1, 0, 0, 0, 1, 3.27826e-07, -3.72529e-09, 0.147544)
body_offset = Transform3D(-0.885221, -0.0590204, 0.461411, 2.94531e-08, 0.991918, 0.126879, -0.465171, 0.112316, -0.878067, -0.0680784, -0.0187203, 0.129554)
bone_name = "RightLowerArm"
joint_constraints/bias = 0.3
joint_constraints/damping = 1.0
joint_constraints/impulse_clamp = 0.0

[node name="CollisionShape3D" type="CollisionShape3D" parent="GeneralSkeleton/PhysicalBoneSimulator3D/Physical Bone RightLowerArm" index="0"]
transform = Transform3D(1.9407, 4.76837e-07, 2.68221e-07, -1.19209e-07, 4.17233e-07, -1.83742, 2.38419e-07, -1.04701, -2.98023e-08, 0.00182956, 0.0048624, -0.0233299)
shape = SubResource("CapsuleShape3D_cp6yd")

[node name="Physical Bone RightHand" type="PhysicalBone3D" parent="GeneralSkeleton/PhysicalBoneSimulator3D" index="13"]
transform = Transform3D(-0.0136538, -0.894747, -0.446365, -0.984596, 0.0898517, -0.149992, 0.174311, 0.437442, -0.882191, -0.0974047, 0.995587, 0.34957)
joint_type = 1
joint_offset = Transform3D(1, 0, 0, 0, 1, 0, 0, 0, 1, -1.21072e-07, 1.29978e-07, 0.0718831)
body_offset = Transform3D(0.177939, 0.429716, -0.885258, 7.40401e-08, 0.899615, 0.436685, 0.984042, -0.0777034, 0.160077, 0.0636351, -0.0313904, -0.0115067)
bone_name = "RightHand"
joint_constraints/bias = 0.3
joint_constraints/damping = 1.0
joint_constraints/impulse_clamp = 0.0

[node name="CollisionShape3D" type="CollisionShape3D" parent="GeneralSkeleton/PhysicalBoneSimulator3D/Physical Bone RightHand" index="0"]
transform = Transform3D(0.106797, -0.272517, -0.0505273, 0.0729442, -0.105797, 0.121558, -0.374949, -0.0982032, 0.00925671, 0.0640005, 0.0336351, -0.00104052)
shape = SubResource("SphereShape3D_g8q1h")

[node name="Physical Bone RightThumbDistal" type="PhysicalBone3D" parent="GeneralSkeleton/PhysicalBoneSimulator3D" index="14"]
transform = Transform3D(-0.406618, -0.892259, -0.196307, -0.727873, 0.186529, 0.659855, -0.552145, 0.411195, -0.725297, -0.00564216, 0.949935, 0.533019)
joint_type = 1
joint_offset = Transform3D(1, 0, 0, 0, 1, 0, 0, 0, 1, -2.46298e-05, 4.21563e-06, 0.0287148)
body_offset = Transform3D(0.73595, -0.174284, -0.65399, 0, 0.966882, -0.257667, 0.677419, 0.189681, 0.711767, 0.0187981, 0.00739479, -0.0204224)
bone_name = "RightThumbDistal"
joint_constraints/bias = 0.3
joint_constraints/damping = 1.0
joint_constraints/impulse_clamp = 0.0

[node name="CollisionShape3D" type="CollisionShape3D" parent="GeneralSkeleton/PhysicalBoneSimulator3D/Physical Bone RightThumbDistal" index="0"]
transform = Transform3D(5.44944, 0, 0, -1.19209e-07, -2.98023e-07, 5.70277, -9.53674e-07, 3.0178, -7.15256e-07, -0.0019114, 0.00921753, 0.0425026)
shape = SubResource("CapsuleShape3D_t820u")

[node name="Physical Bone RightIndexProximal" type="PhysicalBone3D" parent="GeneralSkeleton/PhysicalBoneSimulator3D" index="15"]
transform = Transform3D(-0.0174244, -0.996452, -0.0823374, -0.891797, -0.0217475, 0.451913, -0.4521, 0.0813025, -0.888254, -0.0911932, 0.905422, 0.588936)
joint_type = 1
joint_offset = Transform3D(1, 0, 0, 0, 1, 0, 0, 0, 1, 4.09782e-08, -2.18104e-07, 0.0439625)
body_offset = Transform3D(-0.448831, 0.0731789, -0.890615, 1.62981e-08, 0.996641, 0.0818908, 0.893617, 0.0367551, -0.447323, 0.0391537, -0.0035999, 0.0196654)
bone_name = "RightIndexProximal"
joint_constraints/bias = 0.3
joint_constraints/damping = 1.0
joint_constraints/impulse_clamp = 0.0

[node name="CollisionShape3D" type="CollisionShape3D" parent="GeneralSkeleton/PhysicalBoneSimulator3D/Physical Bone RightIndexProximal" index="0"]
transform = Transform3D(3.48497, 5.96046e-08, -1.49012e-08, -1.19209e-07, 1.19209e-07, 2.37661, 2.5332e-07, -2.54124, 0, 0, 0, 0)
shape = SubResource("CapsuleShape3D_v4gik")

[node name="Physical Bone RightIndexIntermediate" type="PhysicalBone3D" parent="GeneralSkeleton/PhysicalBoneSimulator3D" index="16"]
transform = Transform3D(-0.0174245, -0.996452, -0.0823373, -0.891797, -0.0217474, 0.451913, -0.4521, 0.0813025, -0.888254, -0.0834251, 0.862787, 0.672736)
joint_type = 1
joint_offset = Transform3D(1, 0, 0, 0, 1, 0, 0, 0, 1, -6.70552e-08, -1.05822e-07, 0.0503804)
body_offset = Transform3D(-0.448831, 0.0731789, -0.890615, 4.33065e-08, 0.996641, 0.0818907, 0.893617, 0.036755, -0.447323, 0.0448695, -0.00412558, 0.0225364)
bone_name = "RightIndexIntermediate"
joint_constraints/bias = 0.3
joint_constraints/damping = 1.0
joint_constraints/impulse_clamp = 0.0

[node name="CollisionShape3D" type="CollisionShape3D" parent="GeneralSkeleton/PhysicalBoneSimulator3D/Physical Bone RightIndexIntermediate" index="0"]
transform = Transform3D(3.85025, -0.0275758, 0.0558926, -0.0527544, 0.0388364, 3.98621, -0.0588563, -1.83877, 0.0833595, -0.00310749, 0.00192025, 0.012329)
shape = SubResource("CapsuleShape3D_pccki")

[node name="Physical Bone RightMiddleIntermediate" type="PhysicalBone3D" parent="GeneralSkeleton/PhysicalBoneSimulator3D" index="17"]
transform = Transform3D(-0.0174247, -0.996452, -0.0823375, -0.891797, -0.0217472, 0.451912, -0.452099, 0.0813028, -0.888255, -0.1081, 0.807856, 0.650457)
joint_type = 1
joint_offset = Transform3D(1, 0, 0, 0, 1, 0, 0, 0, 1, -2.04891e-08, -1.22236e-08, 0.05386)
body_offset = Transform3D(-0.44883, 0.0731793, -0.890616, 6.70552e-08, 0.996641, 0.0818911, 0.893617, 0.0367551, -0.447323, 0.0479685, -0.00441064, 0.0240928)
bone_name = "RightMiddleIntermediate"
joint_constraints/bias = 0.3
joint_constraints/damping = 1.0
joint_constraints/impulse_clamp = 0.0

[node name="CollisionShape3D" type="CollisionShape3D" parent="GeneralSkeleton/PhysicalBoneSimulator3D/Physical Bone RightMiddleIntermediate" index="0"]
transform = Transform3D(2.95549, -0.448283, 0.676451, -0.389302, 0.741508, 3.3776, -0.708263, -2.27821, 0.96623, 0.00304121, -0.000120163, 0.0449529)
shape = SubResource("CapsuleShape3D_8uhlp")

[node name="Physical Bone RightRingIntermediate" type="PhysicalBone3D" parent="GeneralSkeleton/PhysicalBoneSimulator3D" index="18"]
transform = Transform3D(-0.0174243, -0.996452, -0.0823383, -0.891797, -0.0217479, 0.451912, -0.452099, 0.0813033, -0.888254, -0.136293, 0.763525, 0.613747)
joint_type = 1
joint_offset = Transform3D(1, 0, 0, 0, 1, 0, 0, 0, 1, -2.98023e-08, -5.48316e-08, 0.0496401)
body_offset = Transform3D(-0.44883, 0.0731796, -0.890616, -1.18976e-07, 0.996641, 0.0818916, 0.893617, 0.0367555, -0.447323, 0.0442103, -0.00406505, 0.0222052)
bone_name = "RightRingIntermediate"
joint_constraints/bias = 0.3
joint_constraints/damping = 1.0
joint_constraints/impulse_clamp = 0.0

[node name="CollisionShape3D" type="CollisionShape3D" parent="GeneralSkeleton/PhysicalBoneSimulator3D/Physical Bone RightRingIntermediate" index="0"]
transform = Transform3D(3.4052, -0.614187, -1.7431, -2.20755, 1.20174, -2.25716, -1.65925, -2.85931, -0.574246, 0.00736594, -0.0223685, 0.0624691)
shape = SubResource("CapsuleShape3D_shoop")

[node name="Physical Bone RightLittleProximal" type="PhysicalBone3D" parent="GeneralSkeleton/PhysicalBoneSimulator3D" index="19"]
transform = Transform3D(-0.0174243, -0.996452, -0.0823377, -0.891797, -0.0217476, 0.451912, -0.452099, 0.0813028, -0.888254, -0.172508, 0.759115, 0.489845)
joint_type = 1
joint_offset = Transform3D(1, 0, 0, 0, 1, 0, 0, 0, 1, 2.75671e-07, -1.01107e-07, 0.0421254)
body_offset = Transform3D(-0.44883, 0.0731793, -0.890616, -1.72062e-07, 0.996641, 0.0818913, 0.893617, 0.0367554, -0.447323, 0.0375177, -0.0034496, 0.0188434)
bone_name = "RightLittleProximal"
joint_constraints/bias = 0.3
joint_constraints/damping = 1.0
joint_constraints/impulse_clamp = 0.0

[node name="CollisionShape3D" type="CollisionShape3D" parent="GeneralSkeleton/PhysicalBoneSimulator3D/Physical Bone RightLittleProximal" index="0"]
transform = Transform3D(4.82125, -2.45869e-06, 2.02656e-06, -1.78814e-07, -1.43051e-06, -4.45623, 1.2815e-06, -3.85876, -1.43051e-06, 0, 0, 0)
shape = SubResource("CapsuleShape3D_3162o")

[node name="Physical Bone LeftUpperLeg" type="PhysicalBone3D" parent="GeneralSkeleton/PhysicalBoneSimulator3D" index="20"]
transform = Transform3D(0.974896, -0.109874, -0.193661, 0.00132844, -0.86688, 0.498515, -0.222655, -0.486257, -0.844973, 0.238532, 0.718031, 0.104731)
joint_type = 1
joint_offset = Transform3D(1, 0, 0, 0, 1, 0, 0, 0, 1, -1.67638e-08, 2.98023e-07, 0.162669)
body_offset = Transform3D(-0.97536, 0.109752, 0.191383, -6.33299e-08, 0.86748, -0.497472, -0.220619, -0.485214, -0.846106, -0.031132, 0.0809228, 0.137635)
bone_name = "LeftUpperLeg"
joint_constraints/bias = 0.3
joint_constraints/damping = 1.0
joint_constraints/impulse_clamp = 0.0

[node name="CollisionShape3D" type="CollisionShape3D" parent="GeneralSkeleton/PhysicalBoneSimulator3D/Physical Bone LeftUpperLeg" index="0"]
transform = Transform3D(-3.50592, -0.0765487, 0.069333, -0.0675974, 0.0236316, -3.77094, -0.182791, 1.45947, 0.0646946, 0.0140697, 0.00550973, 0.0277468)
shape = SubResource("CapsuleShape3D_x4b44")

[node name="Physical Bone LeftLowerLeg" type="PhysicalBone3D" parent="GeneralSkeleton/PhysicalBoneSimulator3D" index="21"]
transform = Transform3D(-0.417739, -0.838315, -0.350318, 0.0011542, -0.386061, 0.922473, -0.908566, 0.384949, 0.16224, 0.355245, 0.412555, 0.202718)
joint_type = 1
joint_offset = Transform3D(1, 0, 0, 0, 1, 0, 0, 0, 1, 1.49012e-08, -4.52623e-07, 0.243241)
body_offset = Transform3D(-0.418433, -0.838148, -0.349889, 1.16415e-10, 0.385235, -0.922818, 0.908248, -0.386138, -0.161195, 0.0851068, 0.224467, 0.039209)
bone_name = "LeftLowerLeg"
joint_constraints/bias = 0.3
joint_constraints/damping = 1.0
joint_constraints/impulse_clamp = 0.0

[node name="CollisionShape3D" type="CollisionShape3D" parent="GeneralSkeleton/PhysicalBoneSimulator3D/Physical Bone LeftLowerLeg" index="0"]
transform = Transform3D(2.16514, 5.36442e-07, 4.17233e-07, 2.98023e-07, -3.57628e-07, 2.08642, -2.98023e-07, -1.35485, 1.19209e-07, -0.00139534, 0.00100099, -0.0304716)
shape = SubResource("CapsuleShape3D_frl5l")

[node name="Physical Bone LeftFoot" type="PhysicalBone3D" parent="GeneralSkeleton/PhysicalBoneSimulator3D" index="22"]
transform = Transform3D(-0.973767, -0.187421, -0.12904, -0.227547, 0.800712, 0.55415, -0.000535515, 0.568976, -0.822354, 0.459167, 0.107821, 0.282497)
joint_type = 1
joint_offset = Transform3D(1, 0, 0, 0, 1, 0, 0, 0, 1, 1.49012e-08, 4.47035e-08, 0.145)
body_offset = Transform3D(0.973605, 0.187209, 0.130556, -2.22353e-08, 0.572019, -0.82024, -0.228237, 0.798591, 0.556921, -0.0189306, 0.118935, -0.0807536)
bone_name = "LeftFoot"
joint_constraints/bias = 0.3
joint_constraints/damping = 1.0
joint_constraints/impulse_clamp = 0.0

[node name="CollisionShape3D" type="CollisionShape3D" parent="GeneralSkeleton/PhysicalBoneSimulator3D/Physical Bone LeftFoot" index="0"]
transform = Transform3D(-4.56105, 0.46542, -0.86879, -1.70319, -1.30621, 2.27226, -0.0528752, 1.92753, 1.7496, 0.000532776, -0.0164736, 0.00382332)
shape = SubResource("CapsuleShape3D_vrgiw")

[node name="Physical Bone LeftToes" type="PhysicalBone3D" parent="GeneralSkeleton/PhysicalBoneSimulator3D" index="23"]
transform = Transform3D(0.247878, -0.957011, -0.150622, -0.968791, -0.24484, -0.0386893, 0.000147868, 0.155511, -0.987834, 0.495585, 0.0320181, 0.517869)
joint_type = 1
joint_offset = Transform3D(1, 0, 0, 0, 1, 0, 0, 0, 1, 2.09548e-08, 7.29924e-08, 0.117561)
body_offset = Transform3D(0.248397, -0.956618, -0.152249, 0, 0.157175, -0.987571, 0.968658, 0.24531, 0.0390417, 0.0178986, 0.1161, -0.00458983)
bone_name = "LeftToes"
joint_constraints/bias = 0.3
joint_constraints/damping = 1.0
joint_constraints/impulse_clamp = 0.0

[node name="CollisionShape3D" type="CollisionShape3D" parent="GeneralSkeleton/PhysicalBoneSimulator3D/Physical Bone LeftToes" index="0"]
transform = Transform3D(3.499, -0.0712833, 0.525457, -0.153885, 0.20608, 4.51976, -0.599554, -0.468903, 1.90652, -0.0515058, 0.00046891, 0.0184778)
shape = SubResource("CapsuleShape3D_li1bl")

[node name="Physical Bone RightUpperLeg" type="PhysicalBone3D" parent="GeneralSkeleton/PhysicalBoneSimulator3D" index="24"]
transform = Transform3D(0.651567, 0.411075, 0.637556, -0.0012923, -0.839845, 0.542825, 0.75859, -0.35451, -0.546684, -0.114766, 0.723124, -0.00873707)
joint_type = 1
joint_offset = Transform3D(1, 0, 0, 0, 1, 0, 0, 0, 1, 2.5332e-07, -8.75443e-08, 0.162669)
body_offset = Transform3D(-0.650152, -0.410255, -0.639526, -3.37604e-08, 0.841698, -0.539948, 0.759804, -0.351048, -0.547232, 0.104031, 0.0878327, 0.0890173)
bone_name = "RightUpperLeg"
joint_constraints/bias = 0.3
joint_constraints/damping = 1.0
joint_constraints/impulse_clamp = 0.0

[node name="CollisionShape3D" type="CollisionShape3D" parent="GeneralSkeleton/PhysicalBoneSimulator3D/Physical Bone RightUpperLeg" index="0"]
transform = Transform3D(3.52094, 2.38419e-07, 1.60933e-06, -1.3113e-06, -1.16229e-06, -3.27755, 0, -1.46084, 1.07288e-06, 0, 0, 0)
shape = SubResource("CapsuleShape3D_sf5uo")

[node name="Physical Bone RightLowerLeg" type="PhysicalBone3D" parent="GeneralSkeleton/PhysicalBoneSimulator3D" index="25"]
transform = Transform3D(-0.962701, 0.249031, 0.105785, -0.00164878, -0.396368, 0.91809, 0.270563, 0.883672, 0.381994, -0.244208, 0.411507, -0.0127251)
joint_type = 1
joint_offset = Transform3D(1, 0, 0, 0, 1, 0, 0, 0, 1, -1.24797e-07, -1.19209e-07, 0.24324)
body_offset = Transform3D(-0.963774, 0.244981, 0.105475, 2.23634e-07, 0.395449, -0.918488, -0.266722, -0.885214, -0.381124, -0.0256558, 0.223413, 0.0927044)
bone_name = "RightLowerLeg"
joint_constraints/bias = 0.3
joint_constraints/damping = 1.0
joint_constraints/impulse_clamp = 0.0

[node name="CollisionShape3D" type="CollisionShape3D" parent="GeneralSkeleton/PhysicalBoneSimulator3D/Physical Bone RightLowerLeg" index="0"]
transform = Transform3D(2.0443, 2.98023e-08, -4.47035e-08, -4.17233e-07, -4.47035e-07, -0.178066, 3.57628e-07, -1.16057, -2.23517e-08, 0.00202709, 0.00304079, -0.00581831)
shape = SubResource("CapsuleShape3D_dd8f4")

[node name="Physical Bone RightFoot" type="PhysicalBone3D" parent="GeneralSkeleton/PhysicalBoneSimulator3D" index="26"]
transform = Transform3D(-0.754176, 0.43249, 0.494137, 0.65667, 0.499008, 0.565488, -0.00201087, 0.750962, -0.660342, -0.341589, 0.106194, -0.00989182)
joint_type = 1
joint_offset = Transform3D(1, 0, 0, 0, 1, 0, 0, 0, 1, -3.35276e-08, 1.2666e-07, 0.145)
body_offset = Transform3D(0.754712, -0.431489, -0.494193, -7.45058e-08, 0.753279, -0.657701, 0.656056, 0.496375, 0.568509, 0.071658, 0.0953665, -0.0824337)
bone_name = "RightFoot"
joint_constraints/bias = 0.3
joint_constraints/damping = 1.0
joint_constraints/impulse_clamp = 0.0

[node name="CollisionShape3D" type="CollisionShape3D" parent="GeneralSkeleton/PhysicalBoneSimulator3D/Physical Bone RightFoot" index="0"]
transform = Transform3D(-3.88914, -0.356169, -6.18676, 5.323, -0.301603, -3.13345, -0.718571, -0.306494, 10.2729, 0, 0, 0)
shape = SubResource("CapsuleShape3D_bbd6i")

[node name="Physical Bone RightToes" type="PhysicalBone3D" parent="GeneralSkeleton/PhysicalBoneSimulator3D" index="27"]
transform = Transform3D(0.0396004, 0.783228, 0.620473, 0.999215, -0.0305537, -0.0252047, -0.000783305, 0.620984, -0.783823, -0.486182, 0.0271618, 0.178004)
joint_type = 1
joint_offset = Transform3D(1, 0, 0, 0, 1, 0, 0, 0, 1, -2.91038e-08, 9.3627e-08, 0.11756)
body_offset = Transform3D(0.0404301, 0.782425, 0.621431, 9.83709e-09, 0.621939, -0.783066, -0.999182, 0.0316596, 0.0251448, -0.0730555, 0.0920572, -0.00295606)
bone_name = "RightToes"
joint_constraints/bias = 0.3
joint_constraints/damping = 1.0
joint_constraints/impulse_clamp = 0.0

[node name="CollisionShape3D" type="CollisionShape3D" parent="GeneralSkeleton/PhysicalBoneSimulator3D/Physical Bone RightToes" index="0"]
transform = Transform3D(4.76003, -3.14321e-09, -2.45869e-07, 2.13273e-07, 2.98023e-08, 5.24895, -1.35042e-08, -0.717465, -7.15256e-07, 0.0482285, -0.00733426, -0.00344208)
shape = SubResource("CapsuleShape3D_rbty2")
