[gd_scene load_steps=47 format=3 uid="uid://b5l78avhcmngf"]

[ext_resource type="PackedScene" uid="uid://1ixgyci0rn3d" path="res://enemy/untitled.glb" id="1_1kpk0"]

[sub_resource type="CapsuleShape3D" id="CapsuleShape3D_xcjvn"]
radius = 0.0869359
height = 0.869359

[sub_resource type="CapsuleShape3D" id="CapsuleShape3D_8jhxj"]
radius = 0.0127814
height = 0.127814

[sub_resource type="CapsuleShape3D" id="CapsuleShape3D_tr5a8"]
radius = 0.00879265
height = 0.0879265

[sub_resource type="CapsuleShape3D" id="CapsuleShape3D_ipc53"]
radius = 0.00865111
height = 0.0865111

[sub_resource type="CapsuleShape3D" id="CapsuleShape3D_22356"]
radius = 0.0212592
height = 0.212592

[sub_resource type="CapsuleShape3D" id="CapsuleShape3D_a45sf"]
radius = 0.0209825
height = 0.209825

[sub_resource type="SphereShape3D" id="SphereShape3D_trjy3"]
radius = 0.559683

[sub_resource type="CapsuleShape3D" id="CapsuleShape3D_51xtl"]
radius = 0.0121385
height = 0.121385

[sub_resource type="CapsuleShape3D" id="CapsuleShape3D_scy70"]
radius = 0.0184696
height = 0.184696

[sub_resource type="CapsuleShape3D" id="CapsuleShape3D_go0o0"]
radius = 0.0295088
height = 0.295088

[sub_resource type="CapsuleShape3D" id="CapsuleShape3D_g28ni"]
radius = 0.0143767
height = 0.143767

[sub_resource type="CapsuleShape3D" id="CapsuleShape3D_4inhc"]
radius = 0.00633598
height = 0.0633598

[sub_resource type="CapsuleShape3D" id="CapsuleShape3D_afatp"]
radius = 0.00599335
height = 0.0599335

[sub_resource type="CapsuleShape3D" id="CapsuleShape3D_6xmrw"]
radius = 0.00574626
height = 0.0574626

[sub_resource type="CapsuleShape3D" id="CapsuleShape3D_6y6pp"]
radius = 0.00879287
height = 0.0879287

[sub_resource type="CapsuleShape3D" id="CapsuleShape3D_5t32o"]
radius = 0.0100751
height = 0.100751

[sub_resource type="CapsuleShape3D" id="CapsuleShape3D_8itv0"]
radius = 0.009394
height = 0.09394

[sub_resource type="CapsuleShape3D" id="CapsuleShape3D_x8b7k"]
radius = 0.0107719
height = 0.107719

[sub_resource type="CapsuleShape3D" id="CapsuleShape3D_qm0sb"]
radius = 0.0093938
height = 0.093938

[sub_resource type="CapsuleShape3D" id="CapsuleShape3D_drpqr"]
radius = 0.00992852
height = 0.0992852

[sub_resource type="CapsuleShape3D" id="CapsuleShape3D_ubvdy"]
radius = 0.0084251
height = 0.084251

[sub_resource type="CapsuleShape3D" id="CapsuleShape3D_h3m8y"]
radius = 0.00814698
height = 0.0814698

[sub_resource type="CapsuleShape3D" id="CapsuleShape3D_j8spk"]
radius = 0.0121386
height = 0.121386

[sub_resource type="CapsuleShape3D" id="CapsuleShape3D_cxsax"]
radius = 0.0184696
height = 0.184696

[sub_resource type="CapsuleShape3D" id="CapsuleShape3D_cp6yd"]
radius = 0.0295089
height = 0.295089

[sub_resource type="CapsuleShape3D" id="CapsuleShape3D_u6xkb"]
radius = 0.0143766
height = 0.143766

[sub_resource type="CapsuleShape3D" id="CapsuleShape3D_tg1ic"]
radius = 0.00633602
height = 0.0633602

[sub_resource type="CapsuleShape3D" id="CapsuleShape3D_26x4w"]
radius = 0.00599266
height = 0.0599266

[sub_resource type="CapsuleShape3D" id="CapsuleShape3D_t820u"]
radius = 0.00574503
height = 0.0574503

[sub_resource type="CapsuleShape3D" id="CapsuleShape3D_v4gik"]
radius = 0.00879249
height = 0.0879249

[sub_resource type="CapsuleShape3D" id="CapsuleShape3D_pccki"]
radius = 0.010076
height = 0.10076

[sub_resource type="CapsuleShape3D" id="CapsuleShape3D_14js4"]
radius = 0.00939371
height = 0.0939371

[sub_resource type="CapsuleShape3D" id="CapsuleShape3D_8uhlp"]
radius = 0.010772
height = 0.10772

[sub_resource type="CapsuleShape3D" id="CapsuleShape3D_7rbe1"]
radius = 0.00939419
height = 0.0939419

[sub_resource type="CapsuleShape3D" id="CapsuleShape3D_shoop"]
radius = 0.00992801
height = 0.0992801

[sub_resource type="CapsuleShape3D" id="CapsuleShape3D_3162o"]
radius = 0.00842509
height = 0.0842509

[sub_resource type="CapsuleShape3D" id="CapsuleShape3D_tghnm"]
radius = 0.0081467
height = 0.081467

[sub_resource type="CapsuleShape3D" id="CapsuleShape3D_x4b44"]
radius = 0.0325337
height = 0.325337

[sub_resource type="CapsuleShape3D" id="CapsuleShape3D_frl5l"]
radius = 0.048648
height = 0.48648

[sub_resource type="CapsuleShape3D" id="CapsuleShape3D_vrgiw"]
radius = 0.029
height = 0.29

[sub_resource type="CapsuleShape3D" id="CapsuleShape3D_li1bl"]
radius = 0.0278561
height = 0.235123

[sub_resource type="CapsuleShape3D" id="CapsuleShape3D_sf5uo"]
radius = 0.0325337
height = 0.325337

[sub_resource type="CapsuleShape3D" id="CapsuleShape3D_dd8f4"]
radius = 0.048648
height = 0.48648

[sub_resource type="CapsuleShape3D" id="CapsuleShape3D_bbd6i"]
radius = 0.029
height = 0.332593

[sub_resource type="CapsuleShape3D" id="CapsuleShape3D_rbty2"]
radius = 0.023512
height = 0.23512

[node name="Zombie" instance=ExtResource("1_1kpk0")]

[node name="GeneralSkeleton" parent="." index="0"]
bones/1/position = Vector3(0.00310187, 0.825511, 0.00431141)
bones/1/rotation = Quaternion(-0.176061, 0.126425, 0.0112299, 0.976162)
bones/2/rotation = Quaternion(0.211464, -0.0284351, 0.16275, 0.963321)
bones/3/rotation = Quaternion(-0.0223185, 0.00312798, 0.0134046, 0.999656)
bones/4/rotation = Quaternion(-0.0225247, 0.000515602, 0.0109233, 0.999686)
bones/5/rotation = Quaternion(-0.0246075, 0.0163782, -0.000365734, 0.999563)
bones/6/rotation = Quaternion(0.172415, 0.117539, -0.0218054, 0.977743)
bones/10/rotation = Quaternion(0.501977, 0.484148, 0.510719, -0.502778)
bones/11/rotation = Quaternion(0.131576, 0.987732, 0.0203064, 0.0816124)
bones/12/rotation = Quaternion(-0.33497, -0.44574, 0.130566, 0.819795)
bones/13/rotation = Quaternion(0.344557, 0.807319, -0.454663, 0.150992)
bones/14/rotation = Quaternion(-0.241211, 0.59538, 0.351296, 0.681125)
bones/15/rotation = Quaternion(0.155517, 0.047469, -0.0891218, 0.982659)
bones/16/rotation = Quaternion(0.07681, 0.0273408, -0.0447039, 0.995668)
bones/18/rotation = Quaternion(0.0372265, -0.0892651, -0.0331956, 0.994758)
bones/19/rotation = Quaternion(-0.118551, 0.284273, 0.105714, 0.945494)
bones/21/rotation = Quaternion(0.0388523, -0.0931639, -0.0346453, 0.994289)
bones/22/rotation = Quaternion(-0.0844749, 0.202562, 0.0753275, 0.972707)
bones/24/rotation = Quaternion(0.0769229, -0.184453, -0.0685933, 0.977423)
bones/25/rotation = Quaternion(-0.0844746, 0.202562, 0.0753275, 0.972707)
bones/27/rotation = Quaternion(0.0769229, -0.184453, -0.0685935, 0.977423)
bones/28/rotation = Quaternion(-0.0844746, 0.202562, 0.0753276, 0.972707)
bones/30/rotation = Quaternion(0.549374, -0.463958, -0.483171, -0.499476)
bones/31/rotation = Quaternion(0.0118545, 0.891571, 0.293409, -0.344778)
bones/32/rotation = Quaternion(-0.142734, 0.272907, -0.01985, 0.951186)
bones/33/rotation = Quaternion(0.280612, -0.591162, 0.344494, 0.673133)
bones/34/rotation = Quaternion(-0.329746, -0.584493, -0.172401, 0.72105)
bones/35/rotation = Quaternion(0.0297532, 0.0500012, 0.0639222, 0.996257)
bones/35/scale = Vector3(1.00014, 0.999984, 0.999877)
bones/36/rotation = Quaternion(0.00652017, 0.0184945, 0.038724, 0.999058)
bones/36/scale = Vector3(1.00001, 0.999999, 0.999987)
bones/38/rotation = Quaternion(-0.0645729, 0.095069, 0.145968, 0.982591)
bones/39/rotation = Quaternion(0.0379698, -0.0559019, -0.0858314, 0.994015)
bones/41/rotation = Quaternion(-0.0707957, 0.104231, 0.160035, 0.979037)
bones/42/rotation = Quaternion(0.0896887, -0.132047, -0.202744, 0.966134)
bones/44/rotation = Quaternion(-0.0707956, 0.104231, 0.160035, 0.979037)
bones/45/rotation = Quaternion(0.0896888, -0.132047, -0.202743, 0.966134)
bones/47/rotation = Quaternion(-0.0707957, 0.104231, 0.160035, 0.979037)
bones/48/rotation = Quaternion(0.0896888, -0.132047, -0.202744, 0.966134)
bones/50/rotation = Quaternion(-0.0766425, -0.0740109, 0.984539, 0.139039)
bones/51/rotation = Quaternion(-0.0375472, 0.933178, -0.287444, 0.212472)
bones/52/rotation = Quaternion(0.171596, 0.692444, -0.674536, -0.189942)
bones/53/rotation = Quaternion(-0.00744439, 0.984311, 0.11888, 0.130166)
bones/55/rotation = Quaternion(0.033985, -0.108415, 0.988416, -0.100623)
bones/56/rotation = Quaternion(-0.0564755, 0.986377, -0.133663, -0.0774878)
bones/57/rotation = Quaternion(-0.134099, 0.677269, -0.714074, 0.11586)
bones/58/rotation = Quaternion(0.00466834, 0.999306, 0.0329148, 0.0167881)

[node name="mremireh_shoe" parent="GeneralSkeleton" index="1"]
visible = false

[node name="PhysicalBoneSimulator3D" type="PhysicalBoneSimulator3D" parent="GeneralSkeleton" index="2"]

[node name="Physical Bone Root" type="PhysicalBone3D" parent="GeneralSkeleton/PhysicalBoneSimulator3D" index="0"]
transform = Transform3D(0.414151, -0.903601, -0.109476, 0, 0.120276, -0.992741, 0.910208, 0.411144, 0.0498124, 0.0475871, 0.431524, -0.0216525)
joint_offset = Transform3D(1, 0, 0, 0, 1, 0, 0, 0, 1, 0, 1.86265e-09, 0.43468)
body_offset = Transform3D(0.414151, -0.903601, -0.109476, 0, 0.120276, -0.992741, 0.910208, 0.411144, 0.0498124, 0.0475871, 0.431524, -0.0216525)
bone_name = "Root"

[node name="CollisionShape3D" type="CollisionShape3D" parent="GeneralSkeleton/PhysicalBoneSimulator3D/Physical Bone Root" index="0"]
transform = Transform3D(1, 0, 0, 0, 0, 1, 0, -1, 0, 0, 0, 0)
shape = SubResource("CapsuleShape3D_xcjvn")

[node name="Physical Bone Hips" type="PhysicalBone3D" parent="GeneralSkeleton/PhysicalBoneSimulator3D" index="1"]
transform = Transform3D(-0.991742, -0.125253, 0.0275733, -0.0245037, -0.0259824, -0.999362, 0.12589, -0.991785, 0.0226987, 0.00133972, 0.889377, 0.00286074)
joint_type = 1
joint_offset = Transform3D(1, 0, 0, 0, 1, 0, 0, 0, 1, -7.45058e-09, -6.51926e-08, 0.0639072)
body_offset = Transform3D(-0.990806, 0.128086, 0.0435708, 3.72529e-09, 0.322045, -0.946724, -0.135294, -0.93802, -0.319084, -0.00278449, 0.0605025, 0.0203917)
bone_name = "Hips"
joint_constraints/bias = 0.3
joint_constraints/damping = 1.0
joint_constraints/impulse_clamp = 0.0

[node name="CollisionShape3D" type="CollisionShape3D" parent="GeneralSkeleton/PhysicalBoneSimulator3D/Physical Bone Hips" index="0"]
transform = Transform3D(1, 0, 0, 0, 0, 1, 0, -1, 0, 0, 0, 0)
shape = SubResource("CapsuleShape3D_8jhxj")

[node name="Physical Bone Spine" type="PhysicalBone3D" parent="GeneralSkeleton/PhysicalBoneSimulator3D" index="2"]
transform = Transform3D(-0.956488, -0.218796, 0.193028, -0.286287, 0.576074, -0.765623, 0.0563168, -0.78757, -0.613646, -0.00890848, 0.986903, 0.0283881)
visible = false
joint_type = 1
joint_offset = Transform3D(1, 0, 0, 0, 1, 0, 0, 0, 1, 7.567e-08, -6.89179e-08, 0.0439633)
body_offset = Transform3D(-0.984625, 0.152365, 0.0854351, -1.39698e-08, 0.489086, -0.872236, -0.174683, -0.858825, -0.481566, -0.00375593, 0.0383464, 0.0211712)
bone_name = "Spine"
joint_constraints/bias = 0.3
joint_constraints/damping = 1.0
joint_constraints/impulse_clamp = 0.0

[node name="CollisionShape3D" type="CollisionShape3D" parent="GeneralSkeleton/PhysicalBoneSimulator3D/Physical Bone Spine" index="0"]
transform = Transform3D(1, 0, 0, 0, 0, 1, 0, -1, 0, 0, 0, 0)
shape = SubResource("CapsuleShape3D_tr5a8")

[node name="Physical Bone Chest" type="PhysicalBone3D" parent="GeneralSkeleton/PhysicalBoneSimulator3D" index="3"]
transform = Transform3D(-0.949601, -0.218826, 0.224441, -0.31346, 0.665952, -0.676942, -0.00133425, -0.713178, -0.700982, -0.0271029, 1.04984, 0.0856872)
joint_type = 1
joint_offset = Transform3D(1, 0, 0, 0, 1, 0, 0, 0, 1, 7.49715e-08, 1.67638e-08, 0.0432555)
body_offset = Transform3D(-0.972435, 0.183722, 0.143588, -1.07539e-08, 0.615791, -0.78791, -0.233176, -0.76619, -0.598817, -0.00621089, 0.0340814, 0.0259021)
bone_name = "Chest"
joint_constraints/bias = 0.3
joint_constraints/damping = 1.0
joint_constraints/impulse_clamp = 0.0

[node name="CollisionShape3D" type="CollisionShape3D" parent="GeneralSkeleton/PhysicalBoneSimulator3D/Physical Bone Chest" index="0"]
transform = Transform3D(18.9179, 2.01724e-06, 1.08127e-06, 2.95974e-06, 2.38419e-07, 16.0545, 3.81842e-06, -6.99777, 0, -0.00330615, -0.0104201, -0.0241476)
shape = SubResource("CapsuleShape3D_ipc53")

[node name="Physical Bone UpperChest" type="PhysicalBone3D" parent="GeneralSkeleton/PhysicalBoneSimulator3D" index="4"]
transform = Transform3D(-0.939361, -0.231295, 0.253188, -0.340466, 0.717374, -0.607831, -0.0410424, -0.657174, -0.752621, -0.0637241, 1.14373, 0.196009)
joint_type = 1
joint_offset = Transform3D(1, 0, 0, 0, 1, 0, 0, 0, 1, 0, -1.49012e-08, 0.106296)
body_offset = Transform3D(-0.962909, 0.192138, 0.189447, 2.32831e-10, 0.702101, -0.712077, -0.269828, -0.685665, -0.676059, -0.0201374, 0.0756909, 0.0718623)
bone_name = "UpperChest"
joint_constraints/bias = 0.3
joint_constraints/damping = 1.0
joint_constraints/impulse_clamp = 0.0

[node name="CollisionShape3D" type="CollisionShape3D" parent="GeneralSkeleton/PhysicalBoneSimulator3D/Physical Bone UpperChest" index="0"]
transform = Transform3D(1, 0, 0, 0, 0, 1, 0, -1, 0, 0, 0, 0)
shape = SubResource("CapsuleShape3D_22356")

[node name="Physical Bone Neck" type="PhysicalBone3D" parent="GeneralSkeleton/PhysicalBoneSimulator3D" index="5"]
transform = Transform3D(-0.935128, -0.293348, 0.198701, -0.353741, 0.804749, -0.476703, -0.0200648, -0.516067, -0.856313, -0.111483, 1.25836, 0.365847)
joint_type = 1
joint_offset = Transform3D(1, 0, 0, 0, 1, 0, 0, 0, 1, 1.86265e-09, 7.45058e-08, 0.104912)
body_offset = Transform3D(-0.959855, 0.151146, 0.236289, 4.58094e-08, 0.842398, -0.538855, -0.280495, -0.517223, -0.808581, -0.0247896, 0.0565325, 0.0848301)
bone_name = "Neck"
joint_constraints/bias = 0.3
joint_constraints/damping = 1.0
joint_constraints/impulse_clamp = 0.0

[node name="CollisionShape3D" type="CollisionShape3D" parent="GeneralSkeleton/PhysicalBoneSimulator3D/Physical Bone Neck" index="0"]
transform = Transform3D(1, 0, 0, 0, 0, 1, 0, -1, 0, 0, 0, 0)
shape = SubResource("CapsuleShape3D_a45sf")

[node name="Physical Bone Head" type="PhysicalBone3D" parent="GeneralSkeleton/PhysicalBoneSimulator3D" index="6"]
transform = Transform3D(0.346806, -0.932937, 0.0967197, -0.249897, -0.1913, -0.949187, 0.904034, 0.305013, -0.299482, -0.149272, 1.47464, 0.508147)
joint_type = 1
joint_offset = Transform3D(1, 0, 0, 0, 1, 0, 0, 0, 1, -4.33065e-08, 2.60188e-08, 0.175174)
body_offset = Transform3D(-0.233777, -0.968937, -0.0806784, -5.96046e-08, 0.0829778, -0.996551, 0.97229, -0.23297, -0.0193983, 0.0141328, 0.17457, 0.00339812)
bone_name = "Head"
joint_constraints/bias = 0.3
joint_constraints/damping = 1.0
joint_constraints/impulse_clamp = 0.0

[node name="CollisionShape3D" type="CollisionShape3D" parent="GeneralSkeleton/PhysicalBoneSimulator3D/Physical Bone Head" index="0"]
transform = Transform3D(0.523314, -3.27826e-07, 3.12924e-07, 2.08616e-07, 5.58794e-08, -0.534188, -1.19209e-07, -0.577906, -1.2666e-07, 0.0333417, 0.0172867, 0.047192)
shape = SubResource("SphereShape3D_trjy3")

[node name="Physical Bone LeftShoulder" type="PhysicalBone3D" parent="GeneralSkeleton/PhysicalBoneSimulator3D" index="7"]
transform = Transform3D(0.101087, -0.0467167, -0.99378, 0.392364, 0.919804, -0.00332797, 0.914239, -0.389587, 0.11131, 0.0415036, 1.21508, 0.240733)
joint_type = 1
joint_offset = Transform3D(1, 0, 0, 0, 1, 0, 0, 0, 1, 5.58794e-09, -9.31323e-09, 0.0606925)
body_offset = Transform3D(0.904672, -0.398944, -0.149706, -4.47035e-08, 0.351333, -0.936251, 0.426109, 0.847, 0.317841, 0.00908603, 0.0568234, -0.0192906)
bone_name = "LeftShoulder"
joint_constraints/bias = 0.3
joint_constraints/damping = 1.0
joint_constraints/impulse_clamp = 0.0

[node name="CollisionShape3D" type="CollisionShape3D" parent="GeneralSkeleton/PhysicalBoneSimulator3D/Physical Bone LeftShoulder" index="0"]
transform = Transform3D(1, 0, 0, 0, 0, 1, 0, -1, 0, 0, 0, 0)
shape = SubResource("CapsuleShape3D_51xtl")

[node name="Physical Bone LeftUpperArm" type="PhysicalBone3D" parent="GeneralSkeleton/PhysicalBoneSimulator3D" index="8"]
transform = Transform3D(-0.00856707, 0.571472, -0.820577, -0.035624, 0.819911, 0.571381, 0.999329, 0.0341273, 0.0133339, 0.177597, 1.16252, 0.232746)
joint_type = 1
joint_offset = Transform3D(1, 0, 0, 0, 1, 0, 0, 0, 1, 4.70318e-08, -1.86265e-08, 0.0923481)
body_offset = Transform3D(-0.995702, -0.0509818, -0.0773194, -1.86265e-09, 0.834852, -0.550474, 0.0926143, -0.548108, -0.831264, 0.00714034, 0.0508353, 0.0767656)
bone_name = "LeftUpperArm"
joint_constraints/bias = 0.3
joint_constraints/damping = 1.0
joint_constraints/impulse_clamp = 0.0

[node name="CollisionShape3D" type="CollisionShape3D" parent="GeneralSkeleton/PhysicalBoneSimulator3D/Physical Bone LeftUpperArm" index="0"]
transform = Transform3D(1, 0, 0, 0, 0, 1, 0, -1, 0, 0, 0, 0)
shape = SubResource("CapsuleShape3D_scy70")

[node name="Physical Bone LeftLowerArm" type="PhysicalBone3D" parent="GeneralSkeleton/PhysicalBoneSimulator3D" index="9"]
transform = Transform3D(-0.23172, 0.82465, -0.516002, 0.234284, 0.562135, 0.793168, 0.944149, 0.0629019, -0.323461, 0.329509, 0.992724, 0.279239)
joint_type = 1
joint_offset = Transform3D(1, 0, 0, 0, 1, 0, 0, 0, 1, 3.72529e-08, -7.45058e-09, 0.147544)
body_offset = Transform3D(-0.760219, 0.330596, -0.559262, 2.23517e-08, 0.860844, 0.50887, 0.649667, 0.386852, -0.65443, 0.0825158, -0.0750807, 0.0965572)
bone_name = "LeftLowerArm"
joint_constraints/bias = 0.3
joint_constraints/damping = 1.0
joint_constraints/impulse_clamp = 0.0

[node name="CollisionShape3D" type="CollisionShape3D" parent="GeneralSkeleton/PhysicalBoneSimulator3D/Physical Bone LeftLowerArm" index="0"]
transform = Transform3D(1, 0, 0, 0, 0, 1, 0, -1, 0, 0, 0, 0)
shape = SubResource("CapsuleShape3D_go0o0")

[node name="Physical Bone LeftHand" type="PhysicalBone3D" parent="GeneralSkeleton/PhysicalBoneSimulator3D" index="10"]
transform = Transform3D(0.551078, 0.83417, -0.0217755, 0.781856, -0.507048, 0.362772, 0.291572, -0.216941, -0.931624, 0.407207, 0.84962, 0.393932)
joint_type = 1
joint_offset = Transform3D(1, 0, 0, 0, 1, 0, 0, 0, 1, 4.79631e-08, 8.9989e-08, 0.0718837)
body_offset = Transform3D(0.213152, -0.87666, 0.431316, -2.98023e-08, 0.441461, 0.89728, -0.977019, -0.191257, 0.0940981, -0.0310045, -0.0644999, -0.00676405)
bone_name = "LeftHand"
joint_constraints/bias = 0.3
joint_constraints/damping = 1.0
joint_constraints/impulse_clamp = 0.0

[node name="CollisionShape3D" type="CollisionShape3D" parent="GeneralSkeleton/PhysicalBoneSimulator3D/Physical Bone LeftHand" index="0"]
transform = Transform3D(1, 0, 0, 0, 0, 1, 0, -1, 0, 0, 0, 0)
shape = SubResource("CapsuleShape3D_g28ni")

[node name="Physical Bone LeftThumbMetacarpal" type="PhysicalBone3D" parent="GeneralSkeleton/PhysicalBoneSimulator3D" index="11"]
transform = Transform3D(0.762281, 0.638958, 0.103248, 0.573348, -0.740622, 0.350357, 0.300331, -0.207874, -0.930908, 0.405499, 0.812445, 0.490372)
joint_type = 1
joint_offset = Transform3D(1, 0, 0, 0, 1, 0, 0, 0, 1, 6.90063e-06, -4.5076e-07, 0.0316613)
body_offset = Transform3D(0.981376, -0.064537, 0.180928, 4.47035e-08, 0.942446, 0.336171, -0.19221, -0.32991, 0.924895, -0.00573522, -0.0106432, -0.0292822)
bone_name = "LeftThumbMetacarpal"
joint_constraints/bias = 0.3
joint_constraints/damping = 1.0
joint_constraints/impulse_clamp = 0.0

[node name="CollisionShape3D" type="CollisionShape3D" parent="GeneralSkeleton/PhysicalBoneSimulator3D/Physical Bone LeftThumbMetacarpal" index="0"]
transform = Transform3D(1, 0, 0, 0, 0, 1, 0, -1, 0, 0, 0, 0)
shape = SubResource("CapsuleShape3D_4inhc")

[node name="Physical Bone LeftThumbProximal" type="PhysicalBone3D" parent="GeneralSkeleton/PhysicalBoneSimulator3D" index="12"]
transform = Transform3D(0.722589, 0.686273, -0.0830325, 0.5014, -0.437628, 0.746378, 0.475881, -0.580957, -0.660323, 0.404702, 0.778988, 0.539616)
joint_type = 1
joint_offset = Transform3D(1, 0, 0, 0, 1, 0, 0, 0, 1, 1.19242e-05, 1.54506e-06, 0.0299508)
body_offset = Transform3D(0.965426, -0.0526498, 0.255402, -2.98023e-08, 0.980155, 0.201169, -0.260999, -0.194223, 0.946239, -0.00766093, -0.00602669, -0.0283372)
bone_name = "LeftThumbProximal"
joint_constraints/bias = 0.3
joint_constraints/damping = 1.0
joint_constraints/impulse_clamp = 0.0

[node name="CollisionShape3D" type="CollisionShape3D" parent="GeneralSkeleton/PhysicalBoneSimulator3D/Physical Bone LeftThumbProximal" index="0"]
transform = Transform3D(1, 0, 0, 0, 0, 1, 0, -1, 0, 0, 0, 0)
shape = SubResource("CapsuleShape3D_afatp")

[node name="Physical Bone LeftThumbDistal" type="PhysicalBone3D" parent="GeneralSkeleton/PhysicalBoneSimulator3D" index="13"]
transform = Transform3D(0.696911, 0.686352, -0.20793, 0.491262, -0.24566, 0.835651, 0.522471, -0.684523, -0.508382, 0.413141, 0.732627, 0.573984)
joint_type = 1
joint_offset = Transform3D(1, 0, 0, 0, 1, 0, 0, 0, 1, 1.10255e-05, 2.80188e-06, 0.0287159)
body_offset = Transform3D(0.973193, -0.0368761, 0.227254, 1.49012e-07, 0.987871, 0.158829, -0.230445, -0.154595, 0.961355, -0.00653642, -0.00456367, -0.0276031)
bone_name = "LeftThumbDistal"
joint_constraints/bias = 0.3
joint_constraints/damping = 1.0
joint_constraints/impulse_clamp = 0.0

[node name="CollisionShape3D" type="CollisionShape3D" parent="GeneralSkeleton/PhysicalBoneSimulator3D/Physical Bone LeftThumbDistal" index="0"]
transform = Transform3D(1, 0, 0, 0, 0, 1, 0, -1, 0, 0, 0, 0)
shape = SubResource("CapsuleShape3D_6xmrw")

[node name="Physical Bone LeftIndexProximal" type="PhysicalBone3D" parent="GeneralSkeleton/PhysicalBoneSimulator3D" index="14"]
transform = Transform3D(0.706763, 0.510152, -0.490134, 0.660848, -0.228786, 0.714798, 0.25252, -0.829097, -0.49883, 0.521335, 0.668997, 0.535213)
joint_type = 1
joint_offset = Transform3D(1, 0, 0, 0, 1, 0, 0, 0, 1, 2.42144e-08, 2.78815e-08, 0.0439644)
body_offset = Transform3D(-0.151659, -0.419418, 0.895035, -2.98023e-08, 0.905509, 0.424326, -0.988433, 0.0643528, -0.137329, -0.0393496, -0.0186553, 0.00603759)
bone_name = "LeftIndexProximal"
joint_constraints/bias = 0.3
joint_constraints/damping = 1.0
joint_constraints/impulse_clamp = 0.0

[node name="CollisionShape3D" type="CollisionShape3D" parent="GeneralSkeleton/PhysicalBoneSimulator3D/Physical Bone LeftIndexProximal" index="0"]
transform = Transform3D(1, 0, 0, 0, 0, 1, 0, -1, 0, 0, 0, 0)
shape = SubResource("CapsuleShape3D_6y6pp")

[node name="Physical Bone LeftIndexIntermediate" type="PhysicalBone3D" parent="GeneralSkeleton/PhysicalBoneSimulator3D" index="15"]
transform = Transform3D(0.839112, 0.503757, 0.205233, 0.017654, -0.402317, 0.91533, 0.543673, -0.764441, -0.346482, 0.532544, 0.591461, 0.574598)
joint_type = 1
joint_offset = Transform3D(1, 0, 0, 0, 1, 0, 0, 0, 1, 3.81842e-08, 2.468e-08, 0.0503757)
body_offset = Transform3D(-0.250946, -0.430827, 0.866841, 8.9407e-08, 0.895496, 0.445069, -0.968001, 0.111688, -0.224722, -0.0436677, -0.0224206, 0.0113205)
bone_name = "LeftIndexIntermediate"
joint_constraints/bias = 0.3
joint_constraints/damping = 1.0
joint_constraints/impulse_clamp = 0.0

[node name="CollisionShape3D" type="CollisionShape3D" parent="GeneralSkeleton/PhysicalBoneSimulator3D/Physical Bone LeftIndexIntermediate" index="0"]
transform = Transform3D(1, 0, 0, 0, 0, 1, 0, -1, 0, 0, 0, 0)
shape = SubResource("CapsuleShape3D_5t32o")

[node name="Physical Bone LeftMiddleProximal" type="PhysicalBone3D" parent="GeneralSkeleton/PhysicalBoneSimulator3D" index="16"]
transform = Transform3D(0.702287, 0.509026, -0.497679, 0.667236, -0.226949, 0.709429, 0.24817, -0.830293, -0.499024, 0.531382, 0.642729, 0.477609)
joint_type = 1
joint_offset = Transform3D(1, 0, 0, 0, 1, 0, 0, 0, 1, 6.98492e-09, 1.77533e-08, 0.04697)
body_offset = Transform3D(-0.151363, -0.419371, 0.895107, 7.45058e-08, 0.905541, 0.424259, -0.988478, 0.0642171, -0.137065, -0.0420431, -0.0199275, 0.00643796)
bone_name = "LeftMiddleProximal"
joint_constraints/bias = 0.3
joint_constraints/damping = 1.0
joint_constraints/impulse_clamp = 0.0

[node name="CollisionShape3D" type="CollisionShape3D" parent="GeneralSkeleton/PhysicalBoneSimulator3D/Physical Bone LeftMiddleProximal" index="0"]
transform = Transform3D(1, 0, 0, 0, 0, 1, 0, -1, 0, 0, 0, 0)
shape = SubResource("CapsuleShape3D_8itv0")

[node name="Physical Bone LeftMiddleIntermediate" type="PhysicalBone3D" parent="GeneralSkeleton/PhysicalBoneSimulator3D" index="17"]
transform = Transform3D(0.860838, 0.508726, 0.0124993, 0.199902, -0.360648, 0.911028, 0.467971, -0.781749, -0.412155, 0.554085, 0.56034, 0.523246)
joint_type = 1
joint_offset = Transform3D(1, 0, 0, 0, 1, 0, 0, 0, 1, -3.72529e-09, -6.8685e-09, 0.0538595)
body_offset = Transform3D(-0.250944, -0.430827, 0.866842, 8.9407e-08, 0.895496, 0.445069, -0.968002, 0.111687, -0.224719, -0.0466876, -0.0239712, 0.0121033)
bone_name = "LeftMiddleIntermediate"
joint_constraints/bias = 0.3
joint_constraints/damping = 1.0
joint_constraints/impulse_clamp = 0.0

[node name="CollisionShape3D" type="CollisionShape3D" parent="GeneralSkeleton/PhysicalBoneSimulator3D/Physical Bone LeftMiddleIntermediate" index="0"]
transform = Transform3D(1, 0, 0, 0, 0, 1, 0, -1, 0, 0, 0, 0)
shape = SubResource("CapsuleShape3D_x8b7k")

[node name="Physical Bone LeftRingProximal" type="PhysicalBone3D" parent="GeneralSkeleton/PhysicalBoneSimulator3D" index="18"]
transform = Transform3D(0.584075, 0.476343, -0.657232, 0.798353, -0.190895, 0.571132, 0.146593, -0.858287, -0.491786, 0.548125, 0.630237, 0.417655)
joint_type = 1
joint_offset = Transform3D(1, 0, 0, 0, 1, 0, 0, 0, 1, -5.16884e-08, -1.58325e-08, 0.046969)
body_offset = Transform3D(-0.15166, -0.419419, 0.895035, -1.49012e-08, 0.905509, 0.424327, -0.988433, 0.0643533, -0.13733, -0.0420389, -0.0199302, 0.00645018)
bone_name = "LeftRingProximal"
joint_constraints/bias = 0.3
joint_constraints/damping = 1.0
joint_constraints/impulse_clamp = 0.0

[node name="CollisionShape3D" type="CollisionShape3D" parent="GeneralSkeleton/PhysicalBoneSimulator3D/Physical Bone LeftRingProximal" index="0"]
transform = Transform3D(1, 0, 0, 0, 0, 1, 0, -1, 0, 0, 0, 0)
shape = SubResource("CapsuleShape3D_qm0sb")

[node name="Physical Bone LeftRingIntermediate" type="PhysicalBone3D" parent="GeneralSkeleton/PhysicalBoneSimulator3D" index="19"]
transform = Transform3D(0.842623, 0.504559, -0.188167, 0.38423, -0.318502, 0.866559, 0.377299, -0.802481, -0.462244, 0.588336, 0.560393, 0.4637)
joint_type = 1
joint_offset = Transform3D(1, 0, 0, 0, 1, 0, 0, 0, 1, 3.35276e-08, 1.53668e-08, 0.0496426)
body_offset = Transform3D(-0.250946, -0.430826, 0.866842, 8.9407e-08, 0.895497, 0.445068, -0.968001, 0.111688, -0.224722, -0.0430322, -0.0220943, 0.0111558)
bone_name = "LeftRingIntermediate"
joint_constraints/bias = 0.3
joint_constraints/damping = 1.0
joint_constraints/impulse_clamp = 0.0

[node name="CollisionShape3D" type="CollisionShape3D" parent="GeneralSkeleton/PhysicalBoneSimulator3D/Physical Bone LeftRingIntermediate" index="0"]
transform = Transform3D(1, 0, 0, 0, 0, 1, 0, -1, 0, 0, 0, 0)
shape = SubResource("CapsuleShape3D_drpqr")

[node name="Physical Bone LeftLittleProximal" type="PhysicalBone3D" parent="GeneralSkeleton/PhysicalBoneSimulator3D" index="20"]
transform = Transform3D(0.599845, 0.425689, -0.677477, 0.786275, -0.156806, 0.597648, 0.14818, -0.89118, -0.428768, 0.554688, 0.609767, 0.350367)
joint_type = 1
joint_offset = Transform3D(1, 0, 0, 0, 1, 0, 0, 0, 1, -1.06636e-07, -1.4028e-08, 0.0421255)
body_offset = Transform3D(-0.171326, -0.355619, 0.918794, 0, 0.932583, 0.360956, -0.985214, 0.0618408, -0.159775, -0.0387046, -0.0152054, 0.0067305)
bone_name = "LeftLittleProximal"
joint_constraints/bias = 0.3
joint_constraints/damping = 1.0
joint_constraints/impulse_clamp = 0.0

[node name="CollisionShape3D" type="CollisionShape3D" parent="GeneralSkeleton/PhysicalBoneSimulator3D/Physical Bone LeftLittleProximal" index="0"]
transform = Transform3D(1, 0, 0, 0, 0, 1, 0, -1, 0, 0, 0, 0)
shape = SubResource("CapsuleShape3D_ubvdy")

[node name="Physical Bone LeftLittleIntermediate" type="PhysicalBone3D" parent="GeneralSkeleton/PhysicalBoneSimulator3D" index="21"]
transform = Transform3D(0.842622, 0.504559, -0.188168, 0.384231, -0.318501, 0.866559, 0.377298, -0.802482, -0.462243, 0.590892, 0.549292, 0.387258)
joint_type = 1
joint_offset = Transform3D(1, 0, 0, 0, 1, 0, 0, 0, 1, -1.02445e-08, -2.99187e-08, 0.0407349)
body_offset = Transform3D(-0.250945, -0.430825, 0.866843, 5.96046e-08, 0.895497, 0.445067, -0.968001, 0.111687, -0.22472, -0.0353108, -0.0181297, 0.00915396)
bone_name = "LeftLittleIntermediate"
joint_constraints/bias = 0.3
joint_constraints/damping = 1.0
joint_constraints/impulse_clamp = 0.0

[node name="CollisionShape3D" type="CollisionShape3D" parent="GeneralSkeleton/PhysicalBoneSimulator3D/Physical Bone LeftLittleIntermediate" index="0"]
transform = Transform3D(1, 0, 0, 0, 0, 1, 0, -1, 0, 0, 0, 0)
shape = SubResource("CapsuleShape3D_h3m8y")

[node name="Physical Bone RightShoulder" type="PhysicalBone3D" parent="GeneralSkeleton/PhysicalBoneSimulator3D" index="22"]
transform = Transform3D(-0.405338, -0.352119, 0.843631, 0.909099, -0.252303, 0.331486, 0.0961281, 0.901308, 0.422378, -0.197052, 1.17015, 0.198999)
joint_type = 1
joint_offset = Transform3D(1, 0, 0, 0, 1, 0, 0, 0, 1, -2.23052e-07, 7.43494e-08, 0.0606929)
body_offset = Transform3D(-0.0399137, -0.844452, -0.534142, -3.35276e-08, 0.534568, -0.845125, 0.999203, -0.0337319, -0.0213366, 0.0324187, 0.0512931, 0.00129521)
bone_name = "RightShoulder"
joint_constraints/bias = 0.3
joint_constraints/damping = 1.0
joint_constraints/impulse_clamp = 0.0

[node name="CollisionShape3D" type="CollisionShape3D" parent="GeneralSkeleton/PhysicalBoneSimulator3D/Physical Bone RightShoulder" index="0"]
transform = Transform3D(1, 0, 0, 0, 0, 1, 0, -1, 0, 0, 0, 0)
shape = SubResource("CapsuleShape3D_j8spk")

[node name="Physical Bone RightUpperArm" type="PhysicalBone3D" parent="GeneralSkeleton/PhysicalBoneSimulator3D" index="23"]
transform = Transform3D(0.0581029, -0.91708, 0.394447, -0.231029, 0.372036, 0.899008, -0.97121, -0.143364, -0.190256, -0.284681, 1.06701, 0.190933)
joint_type = 1
joint_offset = Transform3D(1, 0, 0, 0, 1, 0, 0, 0, 1, 3.72529e-08, 2.23517e-08, 0.092348)
body_offset = Transform3D(-0.892686, 0.117376, 0.435125, 0, 0.965489, -0.260443, -0.450678, -0.232494, -0.861879, -0.0401829, 0.0240514, 0.0795928)
bone_name = "RightUpperArm"
joint_constraints/bias = 0.3
joint_constraints/damping = 1.0
joint_constraints/impulse_clamp = 0.0

[node name="CollisionShape3D" type="CollisionShape3D" parent="GeneralSkeleton/PhysicalBoneSimulator3D/Physical Bone RightUpperArm" index="0"]
transform = Transform3D(1, 0, 0, 0, 0, 1, 0, -1, 0, 0, 0, 0)
shape = SubResource("CapsuleShape3D_cxsax")

[node name="Physical Bone RightLowerArm" type="PhysicalBone3D" parent="GeneralSkeleton/PhysicalBoneSimulator3D" index="24"]
transform = Transform3D(-0.00530305, -0.95124, 0.308406, -0.700184, 0.223722, 0.678005, -0.713942, -0.212345, -0.66723, -0.366611, 0.883948, 0.306949)
joint_type = 1
joint_offset = Transform3D(1, 0, 0, 0, 1, 0, 0, 0, 1, -3.72529e-08, 4.19095e-08, 0.147545)
body_offset = Transform3D(-0.88522, -0.0590205, 0.461412, 1.49012e-08, 0.991918, 0.126879, -0.465171, 0.112316, -0.878066, -0.0680788, -0.0187203, 0.129554)
bone_name = "RightLowerArm"
joint_constraints/bias = 0.3
joint_constraints/damping = 1.0
joint_constraints/impulse_clamp = 0.0

[node name="CollisionShape3D" type="CollisionShape3D" parent="GeneralSkeleton/PhysicalBoneSimulator3D/Physical Bone RightLowerArm" index="0"]
transform = Transform3D(1, 0, 0, 0, 0, 1, 0, -1, 0, 0, 0, 0)
shape = SubResource("CapsuleShape3D_cp6yd")

[node name="Physical Bone RightHand" type="PhysicalBone3D" parent="GeneralSkeleton/PhysicalBoneSimulator3D" index="25"]
transform = Transform3D(0.440289, -0.874495, 0.203477, -0.842973, -0.48064, -0.241623, 0.309098, -0.0651418, -0.948797, -0.426741, 0.801281, 0.473597)
joint_type = 1
joint_offset = Transform3D(1, 0, 0, 0, 1, 0, 0, 0, 1, -2.51457e-08, 3.71365e-08, 0.0718831)
body_offset = Transform3D(0.177939, 0.429716, -0.885257, 1.63913e-07, 0.899614, 0.436685, 0.984041, -0.0777038, 0.160077, 0.0636351, -0.0313903, -0.0115068)
bone_name = "RightHand"
joint_constraints/bias = 0.3
joint_constraints/damping = 1.0
joint_constraints/impulse_clamp = 0.0

[node name="CollisionShape3D" type="CollisionShape3D" parent="GeneralSkeleton/PhysicalBoneSimulator3D/Physical Bone RightHand" index="0"]
transform = Transform3D(1, 0, 0, 0, 0, 1, 0, -1, 0, 0, 0, 0)
shape = SubResource("CapsuleShape3D_u6xkb")

[node name="Physical Bone RightThumbMetacarpal" type="PhysicalBone3D" parent="GeneralSkeleton/PhysicalBoneSimulator3D" index="26"]
transform = Transform3D(0.286749, -0.956657, -0.0508297, -0.926218, -0.263289, -0.269812, 0.244734, 0.124447, -0.961571, -0.439758, 0.82719, 0.572245)
joint_type = 1
joint_offset = Transform3D(1, 0, 0, 0, 1, 0, 0, 0, 1, -2.62191e-06, 5.23869e-09, 0.031661)
body_offset = Transform3D(0.997706, -0.00283656, -0.0676321, -3.35276e-08, 0.999729, -0.041931, 0.0677328, 0.0418348, 0.997436, 0.00214392, 0.00132757, -0.0315797)
bone_name = "RightThumbMetacarpal"
joint_constraints/bias = 0.3
joint_constraints/damping = 1.0
joint_constraints/impulse_clamp = 0.0

[node name="CollisionShape3D" type="CollisionShape3D" parent="GeneralSkeleton/PhysicalBoneSimulator3D/Physical Bone RightThumbMetacarpal" index="0"]
transform = Transform3D(1, 0, 0, 0, 0, 1, 0, -1, 0, 0, 0, 0)
shape = SubResource("CapsuleShape3D_tg1ic")

[node name="Physical Bone RightThumbProximal" type="PhysicalBone3D" parent="GeneralSkeleton/PhysicalBoneSimulator3D" index="27"]
transform = Transform3D(0.149005, -0.983881, 0.0988694, -0.978474, -0.132267, 0.158411, -0.14278, -0.120345, -0.982411, -0.441103, 0.830966, 0.632107)
joint_type = 1
joint_offset = Transform3D(1, 0, 0, 0, 1, 0, 0, 0, 1, -2.05478e-05, 2.80258e-06, 0.029947)
body_offset = Transform3D(0.839861, -0.100014, -0.533275, -1.86265e-09, 0.983417, -0.184717, 0.542929, 0.155201, 0.82619, 0.0159875, 0.00552896, -0.0247312)
bone_name = "RightThumbProximal"
joint_constraints/bias = 0.3
joint_constraints/damping = 1.0
joint_constraints/impulse_clamp = 0.0

[node name="CollisionShape3D" type="CollisionShape3D" parent="GeneralSkeleton/PhysicalBoneSimulator3D/Physical Bone RightThumbProximal" index="0"]
transform = Transform3D(1, 0, 0, 0, 0, 1, 0, -1, 0, 0, 0, 0)
shape = SubResource("CapsuleShape3D_26x4w")

[node name="Physical Bone RightThumbDistal" type="PhysicalBone3D" parent="GeneralSkeleton/PhysicalBoneSimulator3D" index="28"]
transform = Transform3D(0.0876559, -0.972697, 0.214889, -0.958702, -0.023782, 0.283417, -0.270568, -0.230858, -0.934611, -0.45022, 0.818045, 0.688354)
joint_type = 1
joint_offset = Transform3D(1, 0, 0, 0, 1, 0, 0, 0, 1, -2.12947e-05, 5.98468e-06, 0.0287112)
body_offset = Transform3D(0.735892, -0.174133, -0.654152, -5.12227e-09, 0.966829, -0.257762, 0.677366, 0.189801, 0.711768, 0.0187982, 0.00739488, -0.0204225)
bone_name = "RightThumbDistal"
joint_constraints/bias = 0.3
joint_constraints/damping = 1.0
joint_constraints/impulse_clamp = 0.0

[node name="CollisionShape3D" type="CollisionShape3D" parent="GeneralSkeleton/PhysicalBoneSimulator3D/Physical Bone RightThumbDistal" index="0"]
transform = Transform3D(1, 0, 0, 0, 0, 1, 0, -1, 0, 0, 0, 0)
shape = SubResource("CapsuleShape3D_t820u")

[node name="Physical Bone RightIndexProximal" type="PhysicalBone3D" parent="GeneralSkeleton/PhysicalBoneSimulator3D" index="29"]
transform = Transform3D(0.632889, -0.613136, 0.472775, -0.768874, -0.425937, 0.476875, -0.0910169, -0.665314, -0.740995, -0.504818, 0.69503, 0.691966)
joint_type = 1
joint_offset = Transform3D(1, 0, 0, 0, 1, 0, 0, 0, 1, -8.3819e-08, -6.70552e-08, 0.0439624)
body_offset = Transform3D(-0.448831, 0.0731788, -0.890615, 0, 0.996641, 0.0818903, 0.893617, 0.0367548, -0.447323, 0.0391536, -0.00360003, 0.0196655)
bone_name = "RightIndexProximal"
joint_constraints/bias = 0.3
joint_constraints/damping = 1.0
joint_constraints/impulse_clamp = 0.0

[node name="CollisionShape3D" type="CollisionShape3D" parent="GeneralSkeleton/PhysicalBoneSimulator3D/Physical Bone RightIndexProximal" index="0"]
transform = Transform3D(1, 0, 0, 0, 0, 1, 0, -1, 0, 0, 0, 0)
shape = SubResource("CapsuleShape3D_v4gik")

[node name="Physical Bone RightIndexIntermediate" type="PhysicalBone3D" parent="GeneralSkeleton/PhysicalBoneSimulator3D" index="30"]
transform = Transform3D(0.675178, -0.683812, 0.276652, -0.715339, -0.515408, 0.471851, -0.180069, -0.516484, -0.83715, -0.53954, 0.650294, 0.766717)
joint_type = 1
joint_offset = Transform3D(1, 0, 0, 0, 1, 0, 0, 0, 1, 1.08033e-07, -5.56465e-08, 0.0503801)
body_offset = Transform3D(-0.448831, 0.0731789, -0.890615, 9.68575e-08, 0.996641, 0.0818904, 0.893617, 0.0367547, -0.447323, 0.0448694, -0.0041256, 0.0225361)
bone_name = "RightIndexIntermediate"
joint_constraints/bias = 0.3
joint_constraints/damping = 1.0
joint_constraints/impulse_clamp = 0.0

[node name="CollisionShape3D" type="CollisionShape3D" parent="GeneralSkeleton/PhysicalBoneSimulator3D/Physical Bone RightIndexIntermediate" index="0"]
transform = Transform3D(1, 0, 0, 0, 0, 1, 0, -1, 0, 0, 0, 0)
shape = SubResource("CapsuleShape3D_pccki")

[node name="Physical Bone RightMiddleProximal" type="PhysicalBone3D" parent="GeneralSkeleton/PhysicalBoneSimulator3D" index="31"]
transform = Transform3D(0.623738, -0.597842, 0.503524, -0.777801, -0.411019, 0.475488, -0.0773087, -0.688221, -0.72137, -0.482755, 0.642419, 0.663131)
joint_type = 1
joint_offset = Transform3D(1, 0, 0, 0, 1, 0, 0, 0, 1, 6.51926e-08, 4.71482e-09, 0.0469685)
body_offset = Transform3D(-0.44883, 0.0731797, -0.890616, 3.72529e-09, 0.996641, 0.0818914, 0.893617, 0.0367552, -0.447322, 0.0418309, -0.00384632, 0.02101)
bone_name = "RightMiddleProximal"
joint_constraints/bias = 0.3
joint_constraints/damping = 1.0
joint_constraints/impulse_clamp = 0.0

[node name="CollisionShape3D" type="CollisionShape3D" parent="GeneralSkeleton/PhysicalBoneSimulator3D/Physical Bone RightMiddleProximal" index="0"]
transform = Transform3D(1, 0, 0, 0, 0, 1, 0, -1, 0, 0, 0, 0)
shape = SubResource("CapsuleShape3D_14js4")

[node name="Physical Bone RightMiddleIntermediate" type="PhysicalBone3D" parent="GeneralSkeleton/PhysicalBoneSimulator3D" index="32"]
transform = Transform3D(0.695667, -0.718057, 0.0209913, -0.652881, -0.619794, 0.435432, -0.299655, -0.316621, -0.899977, -0.507535, 0.596633, 0.745485)
joint_type = 1
joint_offset = Transform3D(1, 0, 0, 0, 1, 0, 0, 0, 1, -9.31323e-09, -3.14903e-08, 0.05386)
body_offset = Transform3D(-0.44883, 0.0731795, -0.890615, 1.19209e-07, 0.996641, 0.0818912, 0.893617, 0.0367549, -0.447323, 0.0479685, -0.00441062, 0.0240928)
bone_name = "RightMiddleIntermediate"
joint_constraints/bias = 0.3
joint_constraints/damping = 1.0
joint_constraints/impulse_clamp = 0.0

[node name="CollisionShape3D" type="CollisionShape3D" parent="GeneralSkeleton/PhysicalBoneSimulator3D/Physical Bone RightMiddleIntermediate" index="0"]
transform = Transform3D(1, 0, 0, 0, 0, 1, 0, -1, 0, 0, 0, 0)
shape = SubResource("CapsuleShape3D_8uhlp")

[node name="Physical Bone RightRingProximal" type="PhysicalBone3D" parent="GeneralSkeleton/PhysicalBoneSimulator3D" index="33"]
transform = Transform3D(0.623738, -0.597842, 0.503524, -0.777801, -0.411019, 0.475488, -0.0773085, -0.688221, -0.72137, -0.460761, 0.593813, 0.629166)
joint_type = 1
joint_offset = Transform3D(1, 0, 0, 0, 1, 0, 0, 0, 1, 3.91155e-08, -5.44824e-08, 0.046971)
body_offset = Transform3D(-0.44883, 0.0731796, -0.890616, -6.33299e-08, 0.996641, 0.0818915, 0.893617, 0.0367553, -0.447322, 0.0418331, -0.00384647, 0.0210111)
bone_name = "RightRingProximal"
joint_constraints/bias = 0.3
joint_constraints/damping = 1.0
joint_constraints/impulse_clamp = 0.0

[node name="CollisionShape3D" type="CollisionShape3D" parent="GeneralSkeleton/PhysicalBoneSimulator3D/Physical Bone RightRingProximal" index="0"]
transform = Transform3D(1, 0, 0, 0, 0, 1, 0, -1, 0, 0, 0, 0)
shape = SubResource("CapsuleShape3D_7rbe1")

[node name="Physical Bone RightRingIntermediate" type="PhysicalBone3D" parent="GeneralSkeleton/PhysicalBoneSimulator3D" index="34"]
transform = Transform3D(0.695668, -0.718056, 0.0209924, -0.65288, -0.619795, 0.435433, -0.299654, -0.316622, -0.899976, -0.485454, 0.549864, 0.707724)
joint_type = 1
